16854.0 0.0
16864.0 0.0
16874.0 8.33693e-05
16884.0 9.04913e-05
16894.0 9.86636e-05
16904.0 0.000105963
16914.0 0.000115549
16924.0 0.000126436
16934.0 0.000138456
16944.0 0.000151968
16954.0 0.000166676
16964.0 0.00018342
16974.0 0.000203487
16984.0 0.000224347
16994.0 0.000250971
17004.0 0.000280383
17014.0 0.000312671
17024.0 0.000352945
17034.0 0.000396313
17044.0 0.000446298
17054.0 0.00050406
17064.0 0.000569705
17074.0 0.000644089
17084.0 0.000727295
17094.0 0.000823198
17104.0 0.000932676
17114.0 0.00105263
17124.0 0.00119267
17134.0 0.00135063
17144.0 0.00152421
17154.0 0.00172266
17164.0 0.00195491
17174.0 0.00221074
17184.0 0.00251098
17194.0 0.0028618
17204.0 0.00324947
17214.0 0.00370026
17224.0 0.00422608
17234.0 0.00483203
17244.0 0.00554384
17254.0 0.00639602
17264.0 0.00738528
17274.0 0.00855246
17284.0 0.00994046
17294.0 0.0116341
17304.0 0.0135972
17314.0 0.0159782
17324.0 0.0188456
17334.0 0.0219718
17344.0 0.0254272
17354.0 0.0289274
17364.0 0.0326348
17374.0 0.0364771
17384.0 0.0409801
17394.0 0.0456123
17404.0 0.0508382
17414.0 0.0567106
17424.0 0.0629172
17434.0 0.0698647
17444.0 0.0776491
17454.0 0.0867866
17464.0 0.0970177
17474.0 0.10923
17484.0 0.123557
17494.0 0.140068
17504.0 0.159239
17514.0 0.180461
17524.0 0.202329
17534.0 0.226059
17544.0 0.249867
17554.0 0.273911
17564.0 0.297441
17574.0 0.320049
17584.0 0.340035
17594.0 0.358637
17604.0 0.375222
17614.0 0.390338
17624.0 0.404424
17634.0 0.418112
17644.0 0.430301
17654.0 0.442098
17664.0 0.453175
17674.0 0.463261
17684.0 0.47322
17694.0 0.48242
17704.0 0.490994
17714.0 0.49794
17724.0 0.504056
17734.0 0.509034
17744.0 0.512875
17754.0 0.516183
17764.0 0.517524
17774.0 0.519502
17784.0 0.519671
17794.0 0.521019
17804.0 0.52191
17814.0 0.522172
17824.0 0.522845
17834.0 0.522844
17844.0 0.523201
17854.0 0.524053
17864.0 0.524416
17874.0 0.525152
17884.0 0.526555
17894.0 0.527066
17904.0 0.527616
17914.0 0.528021
17924.0 0.528196
17934.0 0.527915
17944.0 0.528013
17954.0 0.526784
17964.0 0.52597
17974.0 0.524442
17984.0 0.522931
17994.0 0.521903
18004.0 0.520211
18014.0 0.519076
18024.0 0.517266
18034.0 0.515679
18044.0 0.513728
18054.0 0.511931
18064.0 0.510778
18074.0 0.510242
18084.0 0.509504
18094.0 0.508917
18104.0 0.508682
18114.0 0.507726
18124.0 0.508549
18134.0 0.508714
18144.0 0.509639
18154.0 0.51049
18164.0 0.510939
18174.0 0.511875
18184.0 0.513464
18194.0 0.514555
18204.0 0.515252
18214.0 0.516794
18224.0 0.518341
18234.0 0.518727
18244.0 0.521152
18254.0 0.522484
18264.0 0.523662
18274.0 0.524439
18284.0 0.524998
18294.0 0.525798
18304.0 0.527443
18314.0 0.527715
18324.0 0.529147
18334.0 0.529683
18344.0 0.529723
18354.0 0.529847
18364.0 0.531324
18374.0 0.531298
18384.0 0.53165
18394.0 0.531538
18404.0 0.531954
18414.0 0.531387
18424.0 0.531689
18434.0 0.531545
18444.0 0.53126
18454.0 0.531308
18464.0 0.530151
18474.0 0.529389
18484.0 0.529506
18494.0 0.52835
18504.0 0.527235
18514.0 0.526713
18524.0 0.526555
18534.0 0.525883
18544.0 0.524138
18554.0 0.523638
18564.0 0.522767
18574.0 0.523205
18584.0 0.522535
18594.0 0.521892
18604.0 0.521368
18614.0 0.520746
18624.0 0.519989
18634.0 0.519628
18644.0 0.518857
18654.0 0.519378
18664.0 0.519738
18674.0 0.519396
18684.0 0.519824
18694.0 0.520236
18704.0 0.521016
18714.0 0.521752
18724.0 0.522522
18734.0 0.523482
18744.0 0.52433
18754.0 0.524934
18764.0 0.526114
18774.0 0.526213
18784.0 0.526677
18794.0 0.527057
18804.0 0.528243
18814.0 0.528838
18824.0 0.52944
18834.0 0.529992
18844.0 0.530959
18854.0 0.531689
18864.0 0.53248
18874.0 0.532898
18884.0 0.532925
18894.0 0.534029
18904.0 0.534258
18914.0 0.534194
18924.0 0.53377
18934.0 0.533776
18944.0 0.53433
18954.0 0.534913
18964.0 0.535385
18974.0 0.535722
18984.0 0.535908
18994.0 0.53619
19004.0 0.536101
19014.0 0.536103
19024.0 0.53708
19034.0 0.537142
19044.0 0.536946
19054.0 0.537462
19064.0 0.537491
19074.0 0.537329
19084.0 0.537496
19094.0 0.53756
19104.0 0.538052
19114.0 0.537914
19124.0 0.538182
19134.0 0.538557
19144.0 0.53952
19154.0 0.538703
19164.0 0.538188
19174.0 0.538508
19184.0 0.538492
19194.0 0.538373
19204.0 0.537593
19214.0 0.537276
19224.0 0.538007
19234.0 0.536814
19244.0 0.536509
19254.0 0.536068
19264.0 0.53534
19274.0 0.534483
19284.0 0.533546
19294.0 0.53353
19304.0 0.533237
19314.0 0.532327
19324.0 0.531923
19334.0 0.53121
19344.0 0.529861
19354.0 0.529504
19364.0 0.528751
19374.0 0.52802
19384.0 0.52757
19394.0 0.52715
19404.0 0.527114
19414.0 0.527027
19424.0 0.527214
19434.0 0.528113
19444.0 0.528573
19454.0 0.528862
19464.0 0.52899
19474.0 0.529288
19484.0 0.529943
19494.0 0.530213
19504.0 0.530906
19514.0 0.531141
19524.0 0.531455
19534.0 0.532362
19544.0 0.532485
19554.0 0.532792
19564.0 0.533355
19574.0 0.533943
19584.0 0.534029
19594.0 0.533615
19604.0 0.53431
19614.0 0.534437
19624.0 0.534369
19634.0 0.534067
19644.0 0.534475
19654.0 0.534214
19664.0 0.533923
19674.0 0.533743
19684.0 0.533504
19694.0 0.533366
19704.0 0.532358
19714.0 0.533347
19724.0 0.533363
19734.0 0.532252
19744.0 0.532111
19754.0 0.531913
19764.0 0.531967
19774.0 0.532231
19784.0 0.532188
19794.0 0.531905
19804.0 0.532099
19814.0 0.531721
19824.0 0.531916
19834.0 0.532123
19844.0 0.532356
19854.0 0.53176
19864.0 0.532278
19874.0 0.532618
19884.0 0.533054
19894.0 0.533198
19904.0 0.533471
19914.0 0.533092
19924.0 0.532638
19934.0 0.533018
19944.0 0.531724
19954.0 0.530655
19964.0 0.527908
19974.0 0.526681
19984.0 0.528039
19994.0 0.530052
20004.0 0.531752
20014.0 0.531804
20024.0 0.533216
20034.0 0.534381
20044.0 0.534366
20054.0 0.533694
20064.0 0.533415
20074.0 0.532874
20084.0 0.532498
20094.0 0.53245
20104.0 0.532674
20114.0 0.532353
20124.0 0.533024
20134.0 0.532254
20144.0 0.532817
20154.0 0.533691
20164.0 0.534026
20174.0 0.534195
20184.0 0.535054
20194.0 0.535121
20204.0 0.535433
20214.0 0.534442
20224.0 0.535756
20234.0 0.536491
20244.0 0.537133
20254.0 0.538555
20264.0 0.539037
20274.0 0.538716
20284.0 0.539561
20294.0 0.539671
20304.0 0.54021
20314.0 0.540493
20324.0 0.540591
20334.0 0.540803
20344.0 0.54064
20354.0 0.540842
20364.0 0.540268
20374.0 0.540396
20384.0 0.540121
20394.0 0.540098
20404.0 0.539557
20414.0 0.53816
20424.0 0.538169
20434.0 0.537048
20444.0 0.535718
20454.0 0.535295
20464.0 0.533426
20474.0 0.53286
20484.0 0.531898
20494.0 0.531274
20504.0 0.530665
20514.0 0.530302
20524.0 0.529213
20534.0 0.528796
20544.0 0.528857
20554.0 0.528675
20564.0 0.527977
20574.0 0.528068
20584.0 0.528318
20594.0 0.528448
20604.0 0.528646
20614.0 0.529061
20624.0 0.529759
20634.0 0.53091
20644.0 0.531405
20654.0 0.531942
20664.0 0.532847
20674.0 0.534086
20684.0 0.535314
20694.0 0.535934
20704.0 0.536979
20714.0 0.538215
20724.0 0.538984
20734.0 0.541057
20744.0 0.541593
20754.0 0.542089
20764.0 0.542693
20774.0 0.543333
20784.0 0.543725
20794.0 0.544284
20804.0 0.544208
20814.0 0.544023
20824.0 0.544891
20834.0 0.544385
20844.0 0.545092
20854.0 0.54481
20864.0 0.545336
20874.0 0.545221
20884.0 0.544946
20894.0 0.54381
20904.0 0.543622
20914.0 0.542148
20924.0 0.541687
20934.0 0.541918
20944.0 0.541509
20954.0 0.541248
20964.0 0.540499
20974.0 0.540374
20984.0 0.540228
20994.0 0.540207
21004.0 0.538625
21014.0 0.539103
21024.0 0.5382
21034.0 0.538806
21044.0 0.538887
21054.0 0.538502
21064.0 0.538179
21074.0 0.537577
21084.0 0.537325
21094.0 0.536384
21104.0 0.536995
21114.0 0.536238
21124.0 0.536272
21134.0 0.535644
21144.0 0.536037
21154.0 0.535203
21164.0 0.534953
21174.0 0.534756
21184.0 0.534763
21194.0 0.534238
21204.0 0.533598
21214.0 0.533084
21224.0 0.532398
21234.0 0.532253
21244.0 0.531349
21254.0 0.530905
21264.0 0.530261
21274.0 0.53036
21284.0 0.529242
21294.0 0.529909
21304.0 0.52873
21314.0 0.528186
21324.0 0.528681
21334.0 0.528245
21344.0 0.52853
21354.0 0.527731
21364.0 0.528006
21374.0 0.527707
21384.0 0.527613
21394.0 0.527942
21404.0 0.528389
21414.0 0.528162
21424.0 0.529647
21434.0 0.529447
21444.0 0.530211
21454.0 0.530953
21464.0 0.531024
21474.0 0.53128
21484.0 0.531649
21494.0 0.531047
21504.0 0.532083
21514.0 0.531437
21524.0 0.53185
21534.0 0.530945
21544.0 0.531355
21554.0 0.530556
21564.0 0.53048
21574.0 0.529933
21584.0 0.529794
21594.0 0.52969
21604.0 0.528293
21614.0 0.527717
21624.0 0.525919
21634.0 0.525018
21644.0 0.523962
21654.0 0.522978
21664.0 0.522235
21674.0 0.520644
21684.0 0.520378
21694.0 0.518493
21704.0 0.517549
21714.0 0.515798
21724.0 0.515845
21734.0 0.514644
21744.0 0.514017
21754.0 0.513525
21764.0 0.513119
21774.0 0.51264
21784.0 0.511598
21794.0 0.511445
21804.0 0.51149
21814.0 0.510877
21824.0 0.510248
21834.0 0.510179
21844.0 0.510365
21854.0 0.511954
21864.0 0.512251
21874.0 0.511911
21884.0 0.512918
21894.0 0.512737
21904.0 0.513497
21914.0 0.51458
21924.0 0.51496
21934.0 0.515579
21944.0 0.516623
21954.0 0.516953
21964.0 0.517706
21974.0 0.519075
21984.0 0.520363
21994.0 0.52125
22004.0 0.522912
22014.0 0.523032
22024.0 0.524398
22034.0 0.524938
22044.0 0.526122
22054.0 0.526289
22064.0 0.525914
22074.0 0.525076
22084.0 0.523821
22094.0 0.522342
22104.0 0.52044
22114.0 0.517317
22124.0 0.513283
22134.0 0.507889
22144.0 0.500221
22154.0 0.492906
22164.0 0.481872
22174.0 0.470619
22184.0 0.457088
22194.0 0.44134
22204.0 0.424298
22214.0 0.405731
22224.0 0.385815
22234.0 0.364247
22244.0 0.341544
22254.0 0.318343
22264.0 0.295883
22274.0 0.274267
22284.0 0.253036
22294.0 0.232953
22304.0 0.214123
22314.0 0.196027
22324.0 0.179574
22334.0 0.164459
22344.0 0.150319
22354.0 0.13674
22364.0 0.124228
22374.0 0.111914
22384.0 0.100336
22394.0 0.0900776
22404.0 0.0803529
22414.0 0.071337
22424.0 0.0632355
22434.0 0.0558183
22444.0 0.0489119
22454.0 0.0429873
22464.0 0.0377076
22474.0 0.0329305
22484.0 0.0287739
22494.0 0.025081
22504.0 0.021788
22514.0 0.0189583
22524.0 0.0165739
22534.0 0.0144572
22544.0 0.0125862
22554.0 0.01099
22564.0 0.0095486
22574.0 0.00830276
22584.0 0.00726214
22594.0 0.00634535
22604.0 0.00553528
22614.0 0.00484298
22624.0 0.00422484
22634.0 0.00368799
22644.0 0.00323977
22654.0 0.00285196
22664.0 0.00250566
22674.0 0.00221463
22684.0 0.00195889
22694.0 0.00173437
22704.0 0.00154395
22714.0 0.00137791
22724.0 0.00123132
22734.0 0.00110838
22744.0 0.000992557
22754.0 0.000892743
22764.0 0.000802968
22774.0 0.000728813
22784.0 0.000660784
22794.0 0.000599682
22804.0 0.000549333
22814.0 0.000498784
22824.0 0.00045321
22834.0 0.000417085
22844.0 0.000384
22854.0 0.000353667
22864.0 0.000323498
22874.0 0.000297349
22884.0 0.000276348
22894.0 0.000252116
22904.0 0.000234527
22914.0 0.000217365
22924.0 0.000200159
22934.0 0.000183507
22944.0 0.000170702
22954.0 0.000158957
22964.0 0.000146406
22974.0 0.000138506
22984.0 0.000127369
22994.0 0.000119584
23004.0 0.000111546
23014.0 0.0
23024.0 0.0
